1000000137
1000000142
1000000158
1000000264
1000000488
1000000492
1000000513
1000000653
1000000715
1000000725
1000000742
1000000750
1000000829
1000000867
1000000921
1000000925
1000000928
1000000950
1000000959
1000000984
1000001072
1000001140
1000001163
1000001215
1000001255
1000001342
1000001351
1000001370
1000001381
1000001389
1000001485
1000001491
1000001507
1000001509
1000001522
1000001523
1000001595
1000001627
1000001638
1000001649
1000001652
1000001684
1000001759
1000001782
1000001902
1000001933
1000001952
1000001961
1000001971
1000002008
1000002020
1000002252
1000002270
1000002283
1000002304
1000002367
1000002371
1000002403
1000002427
1000002441
1000002483
1000002497
1000002519
1000002567
1000002586
1000002596
1000002673
1000002701
1000002712
1000002819
1000002833
1000002921
1000002983
1000002984
1000002989
1000003044
1000003111
1000003201
1000003217
1000003218
1000003219
1000003363
1000003445
1000003448
1000003533
1000003570
1000003571
1000003588
1000003685
1000003845
1000004082
1000004381
1000004549
1000004642
1000004647
1000004661
1000004668
1000004715
1000004765
1000005222
1000005554
1000005670
1000005711
1000005755
1000005762
1000006225
1000006381
1000006462
1000006644
1000006809
1000006863
1000007181
1000007205
1000007389
1000007548
1000007627
1000007666
1000007812
1000008002
1000008082
1000008146
1000008182
1000008533
1000008721
1000008722
1000008845
1000008983
1000009166
1000009402
1000009441
1000009521
1000009621
1000009661
1000009921
1000010181
1000010223
1000010481
1000010526
1000010681
1000011166
1000011225
1000011242
1000011361
1000011843
1000012961
1000013322
1000013972
1000014142
1000014286
1000014483
1000014485
1000014663
1000014746
1000014781
1000015026
1000015205
1000015368
1000015372
1000015463
1000015502
1000015504
1000015568
1000015583
1000015668
1000015686
1000015741
1000015761
1000015765
1000015828
1000016162
1000016326
1000016345
1000016381
1000016826
1000017326
1000017823
1000017846
1000039981
1000040105
1000062142
1000072303
1000072322
1000072441
1000072503
1000072622
1000073201
1000073863
1000074984
1000075344
1000075555
1000076022
1000076155
1000076462
1000076821
1000077048
1000077203
1000077335
1000077407
1000077424
1000077448
1000078145
1000078147
1000078242
1000078334
1000078445
1000078731
1000078741
1000079284
1000079392
1000079428
1000079866
1000079906
1000079924
1000080006
1000080324
1000080704
1000080881
1000081124
1000081185
1000081681
1000081881
1000082308
1000082403
1000082470
1000082761
1000083283
1000083421
1000083728
1000083766
1000084001
1000084051
1000084983
1000085082
1000085162
1000085424
1000085868
1000086084
1000086162
1000086236
1000086237
1000086342
1000086442
1000086749
1000086770
1000087025
1000087330
1000087367
1000087644
1000088243
1000088267
1000088382
1000088805
1000088881
1000089211
1000089242
1000089686
1000089744
1000089904
1000090025
1000090142
1000090370
1000090461
1000090625
1000090821
1000090823
1000090884
1000090906
1000091121
1000091126
1000091266
1000091274
1000091581
1000091721
1000091783
1000091870
1000092101
1000092208
1000092343
1000092534
1000092586
1000092648
1000092802
1000092950
1000092977
1000093262
1000093681
1000093690
1000093890
1000094012
1000094028
1000094029
1000094142
1000094452
1000094461
1000094685
1000095543
1000095862
1000097079
1000097156
1000097201
1000097203
1000097401
1000097462
1000098262
1000098706
1000099541
1000099547
1000099626
1000100295
1000100547
1000100563
1000100564
1000100831
1000100862
1000100946
1000100948
1000101141
1000101263
1000101662
1000101663
1000101716
1000101771
1000101893
1000101918
1000101952
1000102193
1000102384
1000102442
1000102602
1000102631
1000102770
1000102785
1000102895
1000102975
1000102990
1000102992
1000103149
1000103542
1000103795
1000104643
1000104815
1000104945
1000105241
1000105284
1000105383
1000105594
1000106108
1000106300
1000106848
1000106865
1000108102
1000108324
1000108701
1000108941
1000109621
1000110084
1000110126
1000110381
1000110642
1000111501
1000112467
1000113521
1000114166
1000114706
1000114761
1000114841
1000115227
1000115561
1000116702
1000117009
1000118182
1000120925
1000121464
1000121721
1000121761
1000121844
1000123121
1000123965
1000124461
1000124462
1000125569
1000125574
1000127859
1000128373
1000128494
1000128743
1000129064
1000129203
1000129263
1000130664
1000131364
1000132404
1000132541
1000132801
1000134101
1000138877
1000139602
1000146301
1000146504
1000147303
1000147961
1000148202
1000148581
1000154569
1000155182
1000158923
1000160041
1000161112
1000161408
1000164381
1000164435
1000166181
1000166201
1000168224
1000168702
1000172566
1000178167
1000178327
1000181023
1000181141
1000183895
1000185863
1000195451
1000195646
1000196749
1000196845
1000204438
1000204748
1000208883
1000209162
1000209463
1000212182
1000221762
1000221763
1000221903
1000224030
1000224066
1000224921
1000225681
1000226281
1000236947
1000243866
1000262111
1000264894
1000271670
1000278513
1000278557
1000278723
1000279501
1000280701
1000281604
1000282404
1000285949
1000286162
1000294754
1000296907
1000296942
1000297142
1000300274
1000300428
1000300470
1000300485
1000300583
1000300806
1000301061
1000301579
1000301853
1000302421
1000302521
1000302787
1000302849
1000304201
1000304502
1000304584
1000304781
1000305081
1000305463
1000305561
1000306683
1000306821
1000307823
1000307901
1000308742
1000308802
1000308803
1000313664
1000314101
1000323661
1000323684
1000324022
1000324325
1000325062
1000325645
1000326864
1000328623
1000328862
1000328981
1000329401
1000329430
1000329644
1000329784
1000329812
1000330383
1000330405
1000330463
1000331062
1000331477
1000331553
1000331964
1000332064
1000332081
1000332083
1000332881
1000332882
1000332922
1000333006
1000333007
1000333062
1000333741
1000334041
1000334325
1000334383
1000334707
1000335063
1000335423
1000336384
1000336885
1000336917
1000337028
1000337222
1000337687
1000338161
1000339462
1000342442
1000343085
1000344046
1000344563
1000344743
1000344868
1000345164
1000346966
1000347222
1000347404
1000347483
1000347842
1000348305
1000348341
1000348602
1000348863
1000349265
1000349266
1000349323
1000349642
1000349962
1000350144
1000350425
1000350841
1000351662
1000351765
1000351808
1000351887
1000351891
1000351908
1000351961
1000351983
1000351995
1000352024
1000352097
1000352102
1000352110
1000352784
1000352806
1000352904
1000352942
1000353064
1000353363
1000353364
1000353465
1000353601
1000355061
1000364203
1000364363
1000369532
10021372
10022717
10025612
10039082
10039578
10040792
10041571
10042604
10044221
10044476
10045212
10046796
10047528
10050273
10051821
10052749
10056293
10056387
10059709
10060655
10061988
10064356
10066126
10066809
10069694
10071115
10075479
10075703
10075831
10076758
10079418
10080471
10082419
10086308
10087381
10090247
10090587
10091722
10092037
10092150
10092786
10095657
10096857
10101520
10103076
10103470
10104578
10104662
10107553
10108952
10109132
10110428
10113130
10122362
10122634
10129717
10133133
10135785
10135928
10138259
10138996
10139949
10140422
10140613
10142949
10143490
10144734
10145819
10145872
10149074
10158629
10158930
10160534
10161482
10162290
10162292
10164231
10168393
10170002
10170504
10171544
10173369
10175519
10176536
10181475
10187997
10188823
10190484
10197603
10201114
10205439
10208066
10208902
10211656
10212263
10212325
10212856
10213158
10214507
10215768
10215771
10218378
10218716
10219731
10219761
10221859
10223470
10223471
10223680
10223945
10225986
10226814
10227414
10229057
10230079
10230348
10230419
10232405
10236403
10236440
10238469
10243705
10246869
10250212
10254553
10254655
10254886
10255192
10256368
10256700
10263083
10268308
10269851
10270451
10273919
10273932
10276102
10278735
10279194
10279199
10280168
10280447
10281015
10282318
10285153
10286574
10286691
10287665
10288677
10290527
10291278
10292354
10293203
10293587
102936
10294079
10295377
10295636
10295637
10295953
10296033
10296499
102970
10297677
10300651
10300972
10301949
10302570
10303300
10303792
10304465
10304807
10304864
10304892
10305209
10305669
10305824
10308454
10308966
10309742
10309908
10311450
10314911
10317240
10318516
10319494
10320685
10320946
10320956
10323917
10326804
10327283
10329583
10329667
10333294
10334929
10337256
10338160
10338864
10339186
10341087
10343682
10343919
10345073
10345463
10346869
10349139
10349685
10350060
10352081
10352517
10355406
10360042
10366441
10366492
10369878
10370021
10370306
10370465
10371886
10372407
10375931
10376062
10376536
10378386
10382832
105389
106151
108153
109386
109832
109983
117815
118590
119873
120907
120948
125189
12563
126228
127682
128884
129021
129134
12961
130904
131651
13257
134989
135858
138540
139348
140415
143294
14391
144509
145384
147178
152331
15387
154149
158382
158473
158740
159440
161628
161808
166535
167103
168198
169781
170072
17039
170647
17153
17376
174090
175953
176265
17710
180022
180206
180815
181258
181832
185447
185645
185651
186760
188328
18877
189957
190138
190638
190743
19218
194462
195980
196888
198429
201678
201977
204620
206777
20739
207641
20918
21029
213163
213887
215959
23045
23130
23191
23319
24299
26259
26366
28522
28910
29612
30081
30284
30806
32494
32660
33263
33683
34621
35478
35598
35790
36322
37004
37160
38360
38781
39348
40451
41977
42691
42882
43023
44137
45206
45384
46089
46438
46468
47925
48666
49012
49597
51196
51554
51819
52649
52793
53626
54207
54515
54866
54985
54994
55102
55848
55944
56488
57298
580488
582335
584220
58430
586142
58661
587809
589652
59323
599121
60096
601440
601662
601923
60366
604527
604793
606078
608017
61040
612286
613787
62116
623606
625598
627437
627620
627730
628361
628903
629871
631415
632482
633136
634110
634199
63471
638936
639639
643081
644553
644889
645068
64526
646700
64756
647828
648661
648953
64972
650453
650679
650776
652421
654200
65423
654350
654801
657927
658701
659245
660102
662490
664713
664798
665599
665999
667766
667903
668415
668604
670597
671243
671556
672952
67322
67500
675420
68140
685567
686038
68697
687422
68748
689628
690348
691712
692231
693676
695370
69627
697724
699657
700393
700666
700914
701376
70460
704622
705184
705260
705444
70605
707547
708522
70932
709467
712423
713993
714533
716778
717639
718007
719062
721420
721466
727320
72777
728101
730297
731240
733380
73443
73547
735488
740337
742142
742791
742933
743102
74424
744991
746330
746957
748427
749014
750536
750753
751612
752101
752168
756204
757165
760907
762660
762947
763231
763688
765827
766027
767135
768602
770786
771711
772469
774587
775011
775229
776395
778441
778524
778847
779627
785303
785790
789371
789963
791287
791483
79319
793876
794635
798288
79884
800100
804482
806169
806278
807052
807084
807672
808397
810486
81079
815438
821932
824379
825285
825482
826889
828144
829351
831466
832541
834902
835180
837862
839983
840222
842150
845359
845879
847605
84863
851536
85499
860076
865080
865225
86619
870062
870989
872230
877180
87984
883600
886153
887018
88854
889078
889623
90169
91522
947826
96638
98440
